조건1의 결과값들 출력[근접회차범위, 평균, 최대값, 최소값]
근접회차범위 avg max min
5 128 152 91
10 129 178 91
15 134 199 91
20 132 199 91
25 137 199 91
30 138 212 91
35 140 212 91
40 143 223 91
45 141 223 79
50 140 223 79
55 141 223 79
60 141 223 79
65 143 223 79
70 144 223 79
75 145 223 79
80 145 223 79
85 143 223 67
90 143 223 67
95 143 223 67
100 143 223 67
105 144 223 67
110 144 223 67
115 143 223 67
120 143 223 67

조건2의 결과값들 출력[근접회차범위, 뽑힌 번호, 일치하는 수의 갯수]
일치하는 수의 갯수 0 1 2 3 
근접회차범위 나온 번호
5 1 2 3 0 0 6 7 0 9 0 11 12 13 14 0 0 17 18 0 0 21 22 23 24 0 0 27 0 0 0 31 32 33 0 35 36 37 38 0 0 0 42 43 44 0 
10 1 2 3 4 5 6 7 8 9 0 11 12 13 14 0 16 17 18 19 0 21 22 23 24 0 0 27 0 0 0 31 32 33 0 35 36 37 38 39 0 0 42 43 44 0 
15 1 2 3 4 5 6 7 8 9 0 11 12 13 14 0 16 17 18 19 0 21 22 23 24 0 0 27 28 29 30 31 32 33 34 35 36 37 38 39 40 0 42 43 44 0 
20 1 2 3 4 5 6 7 8 9 0 11 12 13 14 15 16 17 18 19 20 21 22 23 24 0 26 27 28 29 30 31 32 33 34 35 36 37 38 39 40 0 42 43 44 45  

조건3의 결과값들 출력[홀수가 나올 수 있는 경우의 수, 근접회차범위, n개의 홀수가 나온 확률*10:소수점버림]
홀수가 나올 수 있는 경우의 수 0 1 2 3 4 5 6 
근접회차범위 (n개의 홀수가 나온 확률*10:소수점버림)
10 0 100 400 200 100 100 100 
20 0 50 450 300 100 50 50 
30 0 66 333 333 133 66 66 
40 0 75 250 375 150 100 50 
50 20 60 280 340 160 100 40 
60 16 66 266 316 183 116 33 
70 28 85 257 300 200 100 28 
80 37 87 237 300 200 112 25 
90 33 77 244 322 188 111 22 
100 30 80 240 320 190 120 20 
110 27 72 236 318 200 127 18 
120 25 75 241 316 200 125 16 
130 30 69 246 307 215 115 15 
140 28 71 235 321 214 107 21 
150 26 73 233 320 220 106 20 
160 25 68 231 331 218 106 18 
170 23 82 223 329 223 100 17 
180 22 83 216 338 227 94 16 
190 21 84 205 342 236 94 15 
200 20 80 205 335 250 95 15 
210 19 76 200 333 261 95 14 
220 18 86 200 340 250 90 13 
230 17 86 200 339 243 91 21 
240 16 87 204 329 245 91 25 
250 16 84 200 332 252 92 24 
260 15 80 207 330 246 96 23 
270 14 77 207 337 244 96 22 
280 14 75 203 339 253 92 21 
290 13 72 206 341 251 93 20 
300 13 70 203 343 253 96 20 
